6.700000000000000000e+01
2.030000000000000000e+02
2.980000000000000000e+02
3.280000000000000000e+02
3.470000000000000000e+02
3.520000000000000000e+02
3.490000000000000000e+02
3.480000000000000000e+02
3.530000000000000000e+02
3.580000000000000000e+02
3.620000000000000000e+02
3.620000000000000000e+02
3.630000000000000000e+02
3.610000000000000000e+02
3.580000000000000000e+02
3.540000000000000000e+02
3.510000000000000000e+02
3.460000000000000000e+02
3.420000000000000000e+02
3.390000000000000000e+02
3.350000000000000000e+02
3.310000000000000000e+02
3.200000000000000000e+02
3.130000000000000000e+02
3.070000000000000000e+02
3.000000000000000000e+02
2.970000000000000000e+02
2.930000000000000000e+02
2.890000000000000000e+02
2.850000000000000000e+02
2.820000000000000000e+02
2.780000000000000000e+02
2.730000000000000000e+02
2.690000000000000000e+02
2.660000000000000000e+02
2.640000000000000000e+02
2.630000000000000000e+02
2.620000000000000000e+02
2.620000000000000000e+02
2.620000000000000000e+02
2.630000000000000000e+02
2.640000000000000000e+02
2.670000000000000000e+02
2.690000000000000000e+02
2.690000000000000000e+02
2.710000000000000000e+02
2.730000000000000000e+02
2.770000000000000000e+02
2.790000000000000000e+02
2.830000000000000000e+02
2.850000000000000000e+02
2.880000000000000000e+02
2.900000000000000000e+02
2.910000000000000000e+02
2.930000000000000000e+02
2.950000000000000000e+02
2.970000000000000000e+02
3.010000000000000000e+02
3.030000000000000000e+02
3.040000000000000000e+02
3.040000000000000000e+02
3.010000000000000000e+02
2.970000000000000000e+02
2.900000000000000000e+02
2.810000000000000000e+02
2.780000000000000000e+02
2.750000000000000000e+02
2.710000000000000000e+02
2.670000000000000000e+02
2.600000000000000000e+02
2.540000000000000000e+02
2.490000000000000000e+02
2.470000000000000000e+02
2.460000000000000000e+02
2.470000000000000000e+02
2.490000000000000000e+02
2.540000000000000000e+02
2.600000000000000000e+02
2.690000000000000000e+02
2.750000000000000000e+02
2.830000000000000000e+02
2.900000000000000000e+02
2.970000000000000000e+02
3.060000000000000000e+02
3.120000000000000000e+02
3.200000000000000000e+02
3.270000000000000000e+02
3.330000000000000000e+02
3.350000000000000000e+02
3.340000000000000000e+02
3.350000000000000000e+02
3.340000000000000000e+02
3.340000000000000000e+02
3.360000000000000000e+02
3.360000000000000000e+02
3.370000000000000000e+02
3.370000000000000000e+02
3.400000000000000000e+02
3.390000000000000000e+02
3.400000000000000000e+02
3.450000000000000000e+02
3.500000000000000000e+02
3.500000000000000000e+02
3.530000000000000000e+02
3.590000000000000000e+02
3.570000000000000000e+02
3.580000000000000000e+02
3.580000000000000000e+02
3.590000000000000000e+02
3.650000000000000000e+02
3.150000000000000000e+02
2.750000000000000000e+02
2.240000000000000000e+02
1.090000000000000000e+02
