2.450000000000000000e+02
2.470000000000000000e+02
2.760000000000000000e+02
3.010000000000000000e+02
3.240000000000000000e+02
3.580000000000000000e+02
3.790000000000000000e+02
4.110000000000000000e+02
4.300000000000000000e+02
4.370000000000000000e+02
4.430000000000000000e+02
4.430000000000000000e+02
4.410000000000000000e+02
4.350000000000000000e+02
4.300000000000000000e+02
4.290000000000000000e+02
4.270000000000000000e+02
4.240000000000000000e+02
4.190000000000000000e+02
4.110000000000000000e+02
4.010000000000000000e+02
3.930000000000000000e+02
3.780000000000000000e+02
3.700000000000000000e+02
3.640000000000000000e+02
3.550000000000000000e+02
3.470000000000000000e+02
3.380000000000000000e+02
3.240000000000000000e+02
3.070000000000000000e+02
2.840000000000000000e+02
2.640000000000000000e+02
2.370000000000000000e+02
2.060000000000000000e+02
1.830000000000000000e+02
1.510000000000000000e+02
1.280000000000000000e+02
9.700000000000000000e+01
7.400000000000000000e+01
6.400000000000000000e+01
4.100000000000000000e+01
2.100000000000000000e+01
1.100000000000000000e+01
8.000000000000000000e+00
1.900000000000000000e+01
4.000000000000000000e+01
6.300000000000000000e+01
9.400000000000000000e+01
1.150000000000000000e+02
1.420000000000000000e+02
1.600000000000000000e+02
1.870000000000000000e+02
2.230000000000000000e+02
2.470000000000000000e+02
2.790000000000000000e+02
3.170000000000000000e+02
3.440000000000000000e+02
3.750000000000000000e+02
3.930000000000000000e+02
4.120000000000000000e+02
4.380000000000000000e+02
4.690000000000000000e+02
4.960000000000000000e+02
5.280000000000000000e+02
5.670000000000000000e+02
5.830000000000000000e+02
6.000000000000000000e+02
6.190000000000000000e+02
6.340000000000000000e+02
6.550000000000000000e+02
6.710000000000000000e+02
6.830000000000000000e+02
6.890000000000000000e+02
6.920000000000000000e+02
6.920000000000000000e+02
6.870000000000000000e+02
6.780000000000000000e+02
6.670000000000000000e+02
6.450000000000000000e+02
6.330000000000000000e+02
6.160000000000000000e+02
6.000000000000000000e+02
5.830000000000000000e+02
5.630000000000000000e+02
5.450000000000000000e+02
5.220000000000000000e+02
4.990000000000000000e+02
4.740000000000000000e+02
4.560000000000000000e+02
4.510000000000000000e+02
4.520000000000000000e+02
4.540000000000000000e+02
4.610000000000000000e+02
4.640000000000000000e+02
4.670000000000000000e+02
4.670000000000000000e+02
4.680000000000000000e+02
4.680000000000000000e+02
4.660000000000000000e+02
4.640000000000000000e+02
4.620000000000000000e+02
4.640000000000000000e+02
4.650000000000000000e+02
4.710000000000000000e+02
4.840000000000000000e+02
4.950000000000000000e+02
5.040000000000000000e+02
5.070000000000000000e+02
5.110000000000000000e+02
5.270000000000000000e+02
5.390000000000000000e+02
5.610000000000000000e+02
6.230000000000000000e+02
7.130000000000000000e+02
