1.635605372447083994e+01
1.579481658686644785e+01
1.695864517747765987e+01
1.770408013033382133e+01
1.841224333554717418e+01
1.941049749229370747e+01
2.013839114825471910e+01
2.206946975151202395e+01
2.386772284237596509e+01
2.557256018825996335e+01
2.777709123897202659e+01
2.929220530655232224e+01
3.128293770602675039e+01
3.391729035495531974e+01
3.620384925528938425e+01
3.882099498458741493e+01
4.078661498380702710e+01
4.239661294369415145e+01
4.538228991155993697e+01
4.669771860464862812e+01
4.882034217758720018e+01
5.114512037651992671e+01
5.370237639534592233e+01
5.753826042358491577e+01
5.966930710593991449e+01
6.079514308907085507e+01
6.444285167441510964e+01
6.444285167441510964e+01
6.575801191266847923e+01
6.712797049418240647e+01
7.004657790697294217e+01
7.004657790697294217e+01
7.160316852712789171e+01
7.323051326638079672e+01
7.323051326638079672e+01
7.493354845862221225e+01
7.671768056477988296e+01
7.493354845862221225e+01
7.493354845862221225e+01
7.323051326638079672e+01
7.160316852712789171e+01
6.855622518554798717e+01
7.160316852712789171e+01
7.004657790697294217e+01
6.855622518554798717e+01
7.004657790697294217e+01
6.855622518554798717e+01
6.855622518554798717e+01
6.855622518554798717e+01
7.004657790697294217e+01
6.855622518554798717e+01
6.855622518554798717e+01
6.575801191266847923e+01
6.444285167441510964e+01
6.444285167441510964e+01
6.317926634746579140e+01
6.196428045616836755e+01
6.079514308907085507e+01
6.079514308907085507e+01
5.966930710593991449e+01
5.858441061310464448e+01
5.753826042358491577e+01
5.858441061310464448e+01
5.753826042358491577e+01
5.753826042358491577e+01
5.858441061310464448e+01
5.858441061310464448e+01
5.753826042358491577e+01
5.753826042358491577e+01
5.858441061310464448e+01
5.858441061310464448e+01
5.753826042358491577e+01
5.753826042358491577e+01
5.753826042358491577e+01
5.858441061310464448e+01
5.753826042358491577e+01
5.753826042358491577e+01
5.753826042358491577e+01
5.652881725825886150e+01
5.652881725825886150e+01
5.652881725825886150e+01
5.461258616475856087e+01
5.370237639534592233e+01
5.370237639534592233e+01
5.282200956919270851e+01
5.197004167291540710e+01
5.114512037651992671e+01
5.034597787063680130e+01
4.809168035404112373e+01
4.603060833886793546e+01
4.538228991155993697e+01
4.354246734757777659e+01
4.184600758078902771e+01
4.130952030411224740e+01
3.977953807062660729e+01
3.882099498458741493e+01
3.746677422931110613e+01
3.661525663319039836e+01
3.464669444861026903e+01
3.321796478062634606e+01
3.190240181901737770e+01
3.190240181901737770e+01
3.039757154453542753e+01
2.956094113505280063e+01
3.039757154453542753e+01
2.851453613912172713e+01
2.662927755141119945e+01
2.557256018825996335e+01
2.459650827267752149e+01
2.598502083645770355e+01
2.191933730422282522e+01
2.285207506184932669e+01
2.318088189727162174e+01
2.269114495577996848e+01
